9.927711185729545251e-01,2.140763265900586738e-16,2.738371270690042398e-20,7.228881427045206857e-03,7.255136396278988493e-03
9.927523439494080337e-01,2.306479782235838290e-16,2.835424182889357933e-20,7.247656050591941117e-03,7.274047906418688002e-03
9.927369740093874295e-01,2.485468726465863176e-16,2.933316559817835368e-20,7.263025990612554002e-03,7.289530175582152778e-03
9.927236494604010364e-01,2.679486665547624962e-16,3.033111222742176189e-20,7.276350539598813554e-03,7.302952299223473831e-03
9.927108317858023279e-01,2.889690754977623652e-16,3.136638647491231132e-20,7.289168214197444019e-03,7.315864006680918019e-03
9.926973548954385329e-01,3.115743317311944646e-16,3.245512527067389144e-20,7.302645104561038616e-03,7.329439945829763561e-03
9.926834939884339182e-01,3.355588095072628264e-16,3.358495881404364850e-20,7.316506011565734012e-03,7.343402916221698079e-03
9.926704246113249308e-01,3.607655101858177273e-16,3.473526317269406336e-20,7.329575388674648521e-03,7.356568706952243235e-03
9.926584917246795703e-01,3.871948902093182198e-16,3.591647613215501964e-20,7.341508275320015112e-03,7.368589774642655618e-03
9.926474601127628361e-01,4.150506674599329536e-16,3.715587790203983002e-20,7.352539887236803073e-03,7.379703035958008750e-03
9.926374562635850163e-01,4.448383974516201852e-16,3.847039912597068428e-20,7.362543736414630703e-03,7.389781034431058479e-03
9.926283858910055491e-01,4.771666083845139785e-16,3.986522886564538621e-20,7.371614108994004218e-03,7.398918725098909722e-03
9.926195448443040359e-01,5.125040540351858442e-16,4.133434942716871460e-20,7.380455155695594613e-03,7.407825468246398946e-03
9.926096435455991074e-01,5.511208253921076706e-16,4.287592338766400956e-20,7.390356454400316688e-03,7.417800436137175421e-03
9.925967595025663170e-01,5.930252481834562320e-16,4.451180652628809592e-20,7.403240497433095750e-03,7.430780490012871969e-03
9.925794116250272747e-01,6.378594272175217088e-16,4.626315729866470763e-20,7.420588374972132001e-03,7.448257908684112125e-03
9.925585407035737440e-01,6.849249384963982711e-16,4.811321905100596882e-20,7.441459296425604643e-03,7.469285083576232727e-03
9.925371763711421380e-01,7.344533389211492142e-16,5.003237237409999386e-20,7.462823628857255705e-03,7.490809821399871914e-03
9.925176823040120500e-01,7.884578231593072594e-16,5.201737316551464456e-20,7.482317695986975999e-03,7.510450656055419304e-03
9.925009486975443496e-01,8.489375171932691852e-16,5.406897796775667290e-20,7.499051302454750115e-03,7.527310554704988270e-03
9.924867295156800662e-01,9.167731482912686375e-16,5.618793218543009709e-20,7.513270484318975394e-03,7.541637275238917935e-03
9.924733070805288326e-01,9.922505660887217244e-16,5.839805415360330592e-20,7.526692919470011171e-03,7.555161411648691171e-03
9.924584885110263599e-01,1.075386259566162583e-15,6.072623129180233761e-20,7.541511488972515997e-03,7.570092473295906427e-03
9.924413306177979344e-01,1.166416679284130556e-15,6.317603458075624992e-20,7.558669382200890359e-03,7.587380895677227170e-03
9.924225405125994826e-01,1.266407314658870012e-15,6.573777263873379887e-20,7.577459487399109718e-03,7.606314290024631351e-03
9.924034439928685059e-01,1.377179620360794307e-15,6.841349413840897214e-20,7.596556007130152340e-03,7.625556802850080168e-03
9.923844031268529431e-01,1.499498754441206470e-15,7.121010447625809046e-20,7.615596873145462700e-03,7.644743605151171212e-03
9.923659950597617518e-01,1.632266380377012460e-15,7.409787506240213494e-20,7.634004940236365118e-03,7.663293108512942396e-03
9.923508141593410103e-01,1.775209490409134229e-15,7.701431959428795367e-20,7.649185840657404117e-03,7.678590908532089733e-03
9.923409473575649509e-01,1.930600648215894561e-15,7.994381166887816659e-20,7.659052642433246752e-03,7.688533814496086895e-03
9.923361365432108450e-01,2.102536986722859392e-15,8.295588998130670066e-20,7.663863456787141024e-03,7.693381771267633097e-03
9.923345411567131569e-01,2.296430194754259660e-15,8.616312139254119032e-20,7.665458843284600129e-03,7.694989480310361965e-03
9.923337831757865768e-01,2.518506325215966694e-15,8.965885444245762970e-20,7.666216824210925207e-03,7.695753316682703987e-03
9.923326928696851734e-01,2.774661611372802680e-15,9.347079734404488187e-20,7.667307130312120411e-03,7.696852046483971740e-03
9.923311435877668618e-01,3.065409144285964134e-15,9.753898127224152646e-20,7.668856412230255944e-03,7.698413300223624911e-03
9.923305409439137081e-01,3.385075567831486239e-15,1.017354809989240395e-19,7.669459056082954251e-03,7.699020601566569991e-03
9.923353298857618965e-01,3.732819127520358468e-15,1.059559225044670193e-19,7.664670114234421565e-03,7.694194658904296262e-03
9.923492710389246740e-01,4.115647190106458598e-15,1.101805030639233191e-19,7.650728961071154820e-03,7.680145924756299515e-03
9.923732956739961253e-01,4.541128153589120724e-15,1.144013596160669464e-19,7.626704325999279430e-03,7.655936359675962963e-03
9.924075642125451679e-01,5.018909959775046203e-15,1.185963191821066834e-19,7.592435787449852529e-03,7.621405052724114504e-03
9.924512241263104828e-01,5.568338805087804453e-15,1.228350473925540859e-19,7.548775873683914901e-03,7.577412085537873175e-03
9.925018780554837328e-01,6.213555731330871373e-15,1.272507749078677619e-19,7.498121944510106364e-03,7.526374175243097549e-03
9.925558344756476581e-01,6.962118661628943200e-15,1.318666452699591487e-19,7.444165524345382201e-03,7.472011604485984462e-03
9.926106992070361512e-01,7.807323614218712320e-15,1.366288835867922121e-19,7.389300792956069418e-03,7.416736915464623540e-03
9.926679082590645908e-01,8.765864747888503295e-15,1.415934531605824470e-19,7.332091740926668759e-03,7.359103642402467678e-03
9.927306345810757993e-01,9.885398023143337388e-15,1.468635399931902249e-19,7.269365418914318887e-03,7.295916004577017965e-03
9.928021603834068509e-01,1.121700753422633420e-14,1.523990664757874662e-19,7.197839616581946237e-03,7.223869043133331058e-03
9.928851744242862543e-01,1.280401432598213693e-14,1.580192379999731076e-19,7.114825575700972106e-03,7.140256644068696153e-03
9.929798436149990248e-01,1.468467704370885238e-14,1.635439572096081892e-19,7.020156384986184044e-03,7.044913617302501520e-03
9.930832332147222496e-01,1.689627270624456754e-14,1.689204410247504008e-19,6.916766785260870624e-03,6.940798495257478884e-03
9.931907407417102096e-01,1.947981305268914788e-14,1.742372217278453024e-19,6.809259258270292971e-03,6.832548043907306530e-03
9.932979872100654584e-01,2.247863485943363780e-14,1.796330906253845849e-19,6.702012789911929516e-03,6.724572129470554778e-03
9.934019006047829503e-01,2.592941823971001820e-14,1.851922834373338377e-19,6.598099395191058328e-03,6.619963078602237108e-03
9.935025228813104681e-01,2.987898464541190863e-14,1.908844911738300163e-19,6.497477118659591468e-03,6.518677606161650886e-03
9.936028563666995383e-01,3.441394367255938682e-14,1.965981545266406550e-19,6.397143633265987492e-03,6.417693041858065113e-03
9.937044084758169804e-01,3.963696252826189154e-14,2.022684722202834869e-19,6.295591524143180802e-03,6.315492329363933503e-03
9.938052169012939752e-01,4.562030927638449910e-14,2.079299967636711331e-19,6.194783098660314874e-03,6.214050379824379022e-03
9.939016407462731850e-01,5.236883178085306855e-14,2.136507066214178262e-19,6.098359253674396838e-03,6.117030193287454481e-03
9.939906837776437687e-01,5.984203650064860445e-14,2.194929305324215375e-19,6.009316222296402429e-03,6.027444826583590494e-03
9.940716731998793243e-01,6.803527814655877983e-14,2.254948769742266072e-19,5.928326800052563517e-03,5.945969090175113637e-03
9.941460111867883587e-01,7.700876416848825681e-14,2.316890475765273158e-19,5.853988813134535472e-03,5.871190571175462919e-03
9.942165883328099030e-01,8.691157264899774732e-14,2.381227717853248199e-19,5.783411667103037328e-03,5.800200354332482773e-03
9.942863334816088861e-01,9.797250155387712246e-14,2.448133429008766260e-19,5.713666518293121152e-03,5.730051954687242349e-03
9.943564022244584244e-01,1.104050297489359845e-13,2.517407896943870809e-19,5.643597775431217697e-03,5.659583044791612408e-03
9.944266605215226207e-01,1.243327478164829294e-13,2.588379724217122277e-19,5.573339478353035205e-03,5.588928483809565279e-03
9.944963293940654037e-01,1.398849254361431921e-13,2.660590469155414132e-19,5.503670605794762881e-03,5.518871600838712831e-03
9.945640328573793765e-01,1.574550937532296219e-13,2.735655699598559191e-19,5.435967142463167881e-03,5.450795775061877124e-03
9.946286429639736859e-01,1.776639992747165976e-13,2.816346899757327948e-19,5.371357035848602947e-03,5.385834640424326351e-03
9.946897345249843259e-01,2.009561381398540930e-13,2.903409843823486796e-19,5.310265474814734182e-03,5.324415048949020929e-03
9.947477697477733471e-01,2.273358869395266887e-13,2.994468793022150691e-19,5.252230251999240145e-03,5.266071700458967511e-03
9.948034290489671250e-01,2.566057156656767023e-13,3.086714802824346651e-19,5.196570950776272999e-03,5.210120085600339693e-03
9.948566343724445371e-01,2.889102868434582985e-13,3.180017178883687866e-19,5.143365627266721640e-03,5.156638262782222044e-03
9.949074521241909608e-01,3.247712295200296932e-13,3.275482678685009590e-19,5.092547875484307665e-03,5.105559090027680588e-03
9.949563868287434332e-01,3.645958660026393706e-13,3.373148543308238649e-19,5.043613170892117907e-03,5.056375117130231835e-03
9.950031395924112676e-01,4.083423835538609947e-13,3.472883079414243533e-19,4.996860407180548497e-03,5.009386459264893697e-03
9.950469665405887731e-01,4.557628360527342161e-13,3.575117461517346839e-19,4.953033458955544491e-03,4.965340384194196800e-03
9.950878570456660466e-01,5.069382829541520819e-13,3.680095606166223594e-19,4.912142953827126207e-03,4.924247183272922532e-03
9.951262125665760738e-01,5.622243928194660511e-13,3.787553839093856094e-19,4.873787432861779491e-03,4.885703067340460386e-03
9.951626012958206813e-01,6.218821636143916234e-13,3.896664986742553252e-19,4.837398703557607704e-03,4.849136787114983853e-03
9.951979284775938073e-01,6.861638613399925694e-13,4.006871818742455894e-19,4.802071521720209339e-03,4.813638513060224805e-03
9.952330817215122583e-01,7.557375081810389462e-13,4.119219724082975859e-19,4.766918277732051963e-03,4.778316270046547957e-03
9.952687507580373349e-01,8.317043499673410749e-13,4.235321249575253134e-19,4.731249241130979638e-03,4.742477029964601264e-03
9.953050379148820070e-01,9.148725167721159956e-13,4.355698811202465522e-19,4.694962084203168316e-03,4.706018038034556587e-03
9.953406938824539418e-01,1.005219320497800769e-12,4.480499177642853149e-19,4.659306116540773771e-03,4.670194519056567600e-03
9.953738585503565384e-01,1.102534215597664931e-12,4.610377917958400080e-19,4.626141448541001497e-03,4.636875158563487365e-03
9.954038282256145731e-01,1.207045737884689022e-12,4.745346831789404096e-19,4.596171773178435796e-03,4.606766648246763546e-03
9.954317536795256327e-01,1.318845793866750581e-12,4.882947134527926285e-19,4.568246319155469179e-03,4.578712645026499634e-03
9.954584763387570590e-01,1.437789649514617521e-12,5.021319067082282149e-19,4.541523659805162330e-03,4.551867710202759688e-03
9.954821520811518720e-01,1.564137695178726225e-12,5.164074969533400286e-19,4.517847917284037972e-03,4.528084236142340853e-03
9.955004421233423217e-01,1.698223695061598177e-12,5.316511120001351426e-19,4.499557874959496731e-03,4.509711356093862311e-03
9.955133904411965773e-01,1.839702815913554198e-12,5.479312191362368838e-19,4.486609556963761479e-03,4.496704597785447684e-03
9.955230177888085841e-01,1.987643010534080392e-12,5.648073538231018305e-19,4.476982209203799259e-03,4.487033908116201675e-03
9.955312064579584508e-01,2.141089713235662401e-12,5.818028294741310171e-19,4.468793539900453755e-03,4.478808447402784013e-03
9.955384467687291572e-01,2.299163312262580548e-12,5.987793794260169676e-19,4.461553228971748726e-03,4.471535662385941676e-03
9.955444330082632298e-01,2.460842956896654233e-12,6.157383295956828802e-19,4.455566989275900128e-03,4.465522613311097636e-03
9.955490107478000006e-01,2.625284415355446882e-12,6.326534732554257096e-19,4.450989249574788600e-03,4.460924396636601827e-03
9.955527082685085016e-01,2.792633019575112168e-12,6.494966856886500513e-19,4.447291728698842504e-03,4.457210351620025275e-03
9.955561088664370839e-01,2.965311828211719223e-12,6.664123898767940479e-19,4.443891130597564174e-03,4.453794568515333403e-03
9.955593165743733541e-01,3.148672564356934058e-12,6.837956029883202643e-19,4.440683422477863414e-03,4.450572547435804882e-03
9.955627448021550085e-01,3.348563328592861739e-12,7.018236685612673442e-19,4.437255194496444316e-03,4.447129034003696746e-03
9.955661475889546752e-01,3.566822303241701895e-12,7.206105585894801248e-19,4.433852407478575466e-03,4.443711086714927268e-03
9.955680608629020600e-01,3.802720561615547327e-12,7.408473977280038720e-19,4.431939133295210130e-03,4.441789293659226083e-03
9.955688111869599455e-01,4.061618253434504404e-12,7.631850506240496716e-19,4.431188808978445831e-03,4.441035629691250826e-03
9.955714011678769015e-01,4.354733926289401514e-12,7.872985170434092891e-19,4.428598827768334516e-03,4.438434124381994937e-03
9.955781455642448430e-01,4.686570641000931534e-12,8.120616123096283710e-19,4.421854431068577770e-03,4.431659749871515695e-03
9.955880087459689776e-01,5.048976301451715752e-12,8.368620765081146946e-19,4.411991248982047309e-03,4.421752809958073849e-03
9.955987832166098839e-01,5.433940368981685876e-12,8.622848644488120542e-19,4.401216777956252699e-03,4.410930650345019563e-03
9.956101271864631341e-01,5.843555626718201243e-12,8.889829527678753062e-19,4.389872807693358768e-03,4.399536597421586058e-03
9.956220623190445984e-01,6.277914155654384754e-12,9.170097217477806746e-19,4.377937674677458146e-03,4.387548911962793272e-03
9.956340370508143245e-01,6.731091076626140516e-12,9.459942378739486442e-19,4.365962942454625767e-03,4.375521597371104243e-03
9.956464037983087101e-01,7.202877922035802025e-12,9.752361158347521780e-19,4.353596194488469975e-03,4.363100697490953847e-03
9.956599504529420885e-01,7.699934116657586099e-12,1.004247048366392716e-18,4.340049539357932785e-03,4.349494900869387524e-03
9.956744666992003445e-01,8.229999024511826631e-12,1.033264461524989066e-18,4.325533292569649392e-03,4.334915485043016117e-03
9.956888154259529999e-01,8.793557810901968940e-12,1.062885124411867876e-18,4.311184565253473391e-03,4.320504526598918302e-03
9.957023035458981708e-01,9.378701227570972576e-12,1.093231478635210114e-18,4.297696444723045871e-03,4.306958096852520415e-03
9.957153361998735130e-01,9.971122632603707458e-12,1.123845332264627514e-18,4.284663790155305088e-03,4.293869276390738926e-03
9.957281831327544630e-01,1.056195637707621313e-11,1.154455638135404204e-18,4.271816856683676583e-03,4.280967145091093759e-03
9.957399821763219805e-01,1.114854729106899539e-11,1.185567377821341395e-18,4.260017812529491230e-03,4.269117552139328406e-03
9.957493107978573343e-01,1.173651504116856351e-11,1.218229576410629634e-18,4.250689190406201426e-03,4.259749064376594507e-03
9.957557285297672367e-01,1.233712078850254158e-11,1.253030144375006353e-18,4.244271457895676218e-03,4.253303956999823082e-03
9.957604059256096596e-01,1.295439131362100345e-11,1.289289544442752917e-18,4.239594061436010100e-03,4.248606635435104098e-03
9.957644064231768732e-01,1.357696239502225741e-11,1.325977141167731899e-18,4.235593563246094033e-03,4.244589113240639089e-03
9.957674977404944450e-01,1.419249210050978786e-11,1.363056963504277258e-18,4.232502245313007720e-03,4.241484651483224365e-03
9.957694900540627891e-01,1.480143695314791725e-11,1.400941026714606623e-18,4.230509931135720096e-03,4.239483871602603947e-03
9.957714565606811119e-01,1.541482438673742677e-11,1.439516052591340501e-18,4.228543423904049421e-03,4.237509012263994054e-03
9.957748537214116125e-01,1.604976846182193859e-11,1.478543171738895069e-18,4.225146262538633998e-03,4.234097431310074496e-03
9.957801865577241562e-01,1.672400411987818023e-11,1.518251319916409765e-18,4.219813425551883872e-03,4.228741981719477683e-03
9.957868074016278381e-01,1.744014552626916890e-11,1.559008725955973078e-18,4.213192580931980624e-03,4.222093102797716199e-03
9.957942775142522018e-01,1.818670395669497319e-11,1.600448963338191646e-18,4.205722467561127248e-03,4.214591412124936778e-03
9.958037902781765593e-01,1.896167407767147617e-11,1.641132786622288660e-18,4.196209702861710029e-03,4.205038516811100344e-03
9.958171404285507400e-01,1.977641294129555320e-11,1.679629614250322718e-18,4.182859551672875494e-03,4.191632200208831108e-03
9.958349458450842517e-01,2.065067455089593788e-11,1.715733491321405554e-18,4.165054134265031884e-03,4.173752153129624623e-03
9.958564433034012842e-01,2.161101832808642976e-11,1.750156231538989579e-18,4.143556674987651338e-03,4.152165015247727756e-03
9.958809610964588499e-01,2.268379069946401303e-11,1.783444792506362211e-18,4.119038880857421939e-03,4.127545511688028579e-03
9.959080940199733778e-01,2.387622362001248167e-11,1.815993007244100982e-18,4.091905956150390482e-03,4.100300735493975050e-03
9.959357976958916892e-01,2.515870296165293546e-11,1.848830329262781234e-18,4.064202278949650103e-03,4.072483619870287917e-03
9.959612381277359594e-01,2.648567406679673526e-11,1.883046082405939535e-18,4.038761845778262617e-03,4.046939697279796667e-03
9.959829221084394169e-01,2.782366824357429634e-11,1.919162017928804472e-18,4.017077863736963003e-03,4.025168022011808150e-03
9.960008436135199261e-01,2.916521692477260151e-11,1.957584545392613548e-18,3.999156357314825536e-03,4.007174396371493419e-03
9.960162415782340961e-01,3.053749141703765048e-11,1.998243671951491891e-18,3.983758391228432033e-03,3.991714725037405487e-03
9.960308928457503042e-01,3.196547916581472713e-11,2.039989682272750199e-18,3.969107122284203093e-03,3.977004965149411042e-03
9.960456205627532533e-01,3.343447236887403808e-11,2.081634594994223712e-18,3.954379403812284012e-03,3.962218668635109076e-03
9.960602561814367872e-01,3.492948466969873818e-11,2.123353689824595499e-18,3.939743783633701223e-03,3.947525053346229683e-03
9.960754092295845963e-01,3.648083842885580042e-11,2.165936057786652759e-18,3.924590733934565402e-03,3.932312185657346575e-03
9.960920309226750646e-01,3.816060133011111462e-11,2.210543763814619345e-18,3.907969039164375588e-03,3.915625141430197249e-03
9.961096687752578616e-01,4.003650285714134803e-11,2.259080249200173806e-18,3.890331184705661267e-03,3.897918247006874372e-03
9.961274745182806534e-01,4.210772206074941139e-11,2.312073880435150769e-18,3.872525439611602255e-03,3.880043122970355373e-03
9.961455264458654035e-01,4.430351898765641069e-11,2.367480917977671182e-18,3.854473509831003990e-03,3.861921181272096222e-03
9.961630284428765192e-01,4.654038174586731261e-11,2.423794803577610772e-18,3.836971510583079507e-03,3.844351616589337071e-03
9.961765443842811596e-01,4.877813531301049577e-11,2.484071279328213643e-18,3.823455566940760740e-03,3.830783707193582705e-03
9.961825137423090393e-01,5.103664045219422903e-11,2.553821337341893134e-18,3.817486206654372143e-03,3.824791455943940283e-03
9.961805917628852036e-01,5.336125321228709922e-11,2.634851566158059329e-18,3.819408183753483180e-03,3.826720802475729998e-03
9.961733860299591958e-01,5.577995708198541312e-11,2.724487134957368227e-18,3.826613914260718324e-03,3.833954188717688706e-03
9.961637428960957719e-01,5.829120156476086066e-11,2.820197944767103341e-18,3.836257045613012968e-03,3.843634411731649495e-03
9.961531042939671954e-01,6.086132802503002125e-11,2.921407791611014317e-18,3.846895645171518555e-03,3.854314040470102707e-03
9.961411157370674285e-01,6.341800009779353917e-11,3.028484568043302886e-18,3.858884199514564517e-03,3.866348966616427445e-03
9.961257216105986467e-01,6.587146991962850456e-11,3.142445470160641832e-18,3.874278323529821086e-03,3.881802846769933854e-03
9.961049260234793312e-01,6.816570693364396449e-11,3.264941121375986104e-18,3.895073908354909718e-03,3.902679533055999558e-03
9.960785701215238985e-01,7.030943728977326458e-11,3.398548758649471314e-18,3.921429808166623614e-03,3.929138844668579426e-03
9.960486040730881507e-01,7.234042686536019948e-11,3.544517805192956082e-18,3.951395854571382316e-03,3.959223318015642028e-03
9.960167879349083320e-01,7.428054703192780169e-11,3.702562351344400609e-18,3.983211990811117570e-03,3.991166183255074294e-03
9.959829142190207429e-01,7.611697572496737424e-11,3.873033030683823611e-18,4.017085704862338735e-03,4.025175943250747235e-03
9.959472624448425515e-01,7.785314315205136410e-11,4.054817816202530268e-18,4.052737477304380748e-03,4.060972151972991849e-03
9.959114117849353631e-01,7.960889675882029304e-11,4.245713333558030400e-18,4.088588135455754023e-03,4.096969344318902168e-03
9.958763935138512657e-01,8.156262224810734669e-11,4.444633821560724607e-18,4.123606404586126900e-03,4.132131996680309290e-03
9.958424239106107301e-01,8.381505505052265019e-11,4.651947054032263536e-18,4.157576005574150149e-03,4.166242838980585214e-03
9.958092730181482555e-01,8.634949831391193934e-11,4.870041938035953302e-18,4.190726895502263141e-03,4.199532688321870599e-03
9.957765578843749132e-01,8.902711639003817781e-11,5.100449069458942503e-18,4.223442026597966879e-03,4.232386038921838282e-03
9.957437011822103390e-01,9.165035186075603246e-11,5.341965881332983110e-18,4.256298726139234184e-03,4.265382642414041955e-03
9.957101549931592910e-01,9.409817029777458413e-11,5.591926073115002054e-18,4.289844912742458993e-03,4.299072791899752506e-03
9.956756459634511502e-01,9.635461054720066192e-11,5.848814022705882173e-18,4.324353940194201537e-03,4.333731098386639502e-03
9.956392631927942771e-01,9.841510768768955983e-11,6.115362205795402797e-18,4.360736708790583123e-03,4.370272551969526208e-03
9.955997485419160187e-01,1.002742480203395082e-10,6.395294579936464751e-18,4.400251357809705464e-03,4.409961058121303346e-03
9.955562016047000418e-01,1.019956764274553348e-10,6.691885529263329869e-18,4.443798293304187033e-03,4.453701416298384667e-03
9.955071656827720883e-01,1.036992243607653172e-10,7.013513926846183990e-18,4.492834213528742668e-03,4.502957429686518277e-03
9.954510326848361457e-01,1.054973683148966507e-10,7.371757148763229786e-18,4.548967209666568076e-03,4.559345351840624581e-03
9.953884639656833677e-01,1.074388953660700545e-10,7.769598851287003181e-18,4.611535926877785400e-03,4.622201970145261261e-03
9.953220302594806279e-01,1.094898477574198157e-10,8.200747847845039656e-18,4.677969631029488783e-03,4.688945684432314562e-03
9.952518985173109956e-01,1.116153452845715398e-10,8.667288214634703153e-18,4.748101371073654674e-03,4.759409525221937158e-03
9.951750419740098552e-01,1.138426446302169073e-10,9.184328852906663909e-18,4.824957912147454300e-03,4.836635714011730536e-03
9.950889959358529824e-01,1.162067015224399666e-10,9.765071033684999336e-18,4.911003947940260732e-03,4.923102671733427943e-03
9.949933010688561952e-01,1.187233527804776084e-10,1.041510735197652769e-17,5.006698812420423000e-03,5.019274440322672205e-03
9.948883303932889444e-01,1.213745750359932662e-10,1.113606135009688822e-17,5.111669485336430008e-03,5.124778882400957830e-03
9.947746529260284021e-01,1.240537847556109176e-10,1.192596897443561966e-17,5.225346949917828929e-03,5.239046945220912632e-03
9.946530123390144862e-01,1.265989622505575469e-10,1.278280669949346448e-17,5.346987534386621853e-03,5.361333962024105587e-03
9.945240598474044402e-01,1.288786418787389183e-10,1.371210126523909882e-17,5.475940023716802281e-03,5.490988072353207225e-03
9.943891161430129522e-01,1.308661587578604489e-10,1.472217591472661318e-17,5.610883726120877504e-03,5.626683995360358750e-03
9.942507968587755984e-01,1.326801819592472307e-10,1.581262809342352775e-17,5.749203008544252584e-03,5.765793427446151351e-03
9.941110151408255602e-01,1.345054654137226765e-10,1.697803054933902321e-17,5.888984724669088511e-03,5.906393309556880362e-03
9.939690476475595560e-01,1.364068464055519968e-10,1.822181814446431950e-17,6.030952216033559979e-03,6.049211997963421621e-03
9.938226618475244356e-01,1.382926436892122392e-10,1.955868628584881003e-17,6.177338014182897144e-03,6.196496846371336853e-03
9.936704589716404135e-01,1.400837429179534203e-10,2.100233125083004046e-17,6.329540888275884090e-03,6.349657503469685951e-03
9.935125408684150061e-01,1.417845613175203253e-10,2.255743328654089936e-17,6.487458989800364700e-03,6.508594152555901430e-03
9.933497767435874870e-01,1.434147122181990319e-10,2.422329499215232901e-17,6.650223112997788455e-03,6.672434519096491143e-03
9.931831074236268098e-01,1.449571933889757744e-10,2.600159348319430264e-17,6.816892431415955654e-03,6.840233725120324279e-03
9.930136208986578561e-01,1.463903968072232716e-10,2.789798667421263261e-17,6.986378954951840380e-03,7.010898113963108698e-03
9.928424644890156969e-01,1.477672198369702446e-10,2.991996632650905018e-17,7.157535363217064524e-03,7.183273555794331133e-03
9.926701741429410086e-01,1.491661533572702241e-10,3.207400491554108442e-17,7.329825707892833643e-03,7.356821024750085161e-03
9.924969498048947791e-01,1.505925025390555659e-10,3.435830207393070567e-17,7.503050044512647732e-03,7.531339669952509010e-03
9.923232202267009416e-01,1.520489138096961796e-10,3.677176854981485387e-17,7.676779621250095532e-03,7.706397925869708405e-03
9.921493688934152066e-01,1.536109108596721848e-10,3.933058040921903987e-17,7.850630952973884635e-03,7.881609551047736445e-03
9.919753623381455387e-01,1.553582539304752698e-10,4.206166195362888111e-17,8.024637506496208952e-03,8.057008358367440809e-03
9.918014933996830429e-01,1.573215289050644583e-10,4.498560313265139752e-17,8.198506442995497426e-03,8.232299181430332777e-03
9.916287766755386146e-01,1.595185025174424025e-10,4.811272130143888074e-17,8.371223164942851597e-03,8.406458794890747308e-03
9.914566718862660721e-01,1.619748701518558760e-10,5.146140656074823717e-17,8.543327951759056849e-03,8.580031537133849667e-03
9.912822794458303610e-01,1.646357005678967772e-10,5.506173054678645441e-17,8.717720389533965830e-03,8.755942179095317635e-03
9.911048740460800532e-01,1.673965386852132228e-10,5.891727392918666248e-17,8.895125786523383135e-03,8.934923766936424955e-03
9.909280853514462750e-01,1.702887474783305740e-10,6.300051699082212970e-17,9.071914478265087622e-03,9.113315043695367074e-03
9.907550790443536703e-01,1.734583554758618602e-10,6.730917440098428091e-17,9.244920782187769637e-03,9.287920460585902607e-03
9.905855198826153396e-01,1.770743381782838391e-10,7.188707849884457671e-17,9.414479940310195930e-03,9.459076456929071258e-03
9.904168636593885244e-01,1.812267269437031294e-10,7.677148672942199789e-17,9.583136159384546271e-03,9.629350077027145141e-03
9.902454006272891629e-01,1.858100106831623628e-10,8.199063337867126394e-17,9.754599186900686850e-03,9.802487149025063476e-03
9.900677417291016136e-01,1.906205565690400528e-10,8.761762582133875539e-17,9.932258080277594700e-03,9.981912205461108967e-03
9.898830751914297066e-01,1.954901028773903295e-10,9.372575626371477469e-17,1.011692461308000106e-02,1.016844869579130138e-02
9.896936266217479794e-01,2.003721714522933066e-10,1.003298964957371009e-16,1.030637317787967168e-02,1.035985180746318290e-02
9.895027408696073223e-01,2.053303033972471340e-10,1.073983640041447329e-16,1.049725892506223231e-02,1.055274398922730929e-02
9.893119831637662287e-01,2.104072689301933951e-10,1.148842993888833308e-16,1.068801662582634024e-02,1.074554395590956307e-02
9.891206231762996737e-01,2.156716445778790864e-10,1.227815830970059457e-16,1.087937660802854208e-02,1.093899000754667249e-02
9.889284146813086540e-01,2.213499231642010684e-10,1.311569853480434058e-16,1.107158509734126883e-02,1.113333149445354039e-02
9.887377593980780643e-01,2.278475846539744674e-10,1.401261296354471146e-16,1.126224037407414988e-02,1.132613985242626742e-02
9.885531463918455497e-01,2.356688450060946645e-10,1.497899116738023134e-16,1.144685337248550067e-02,1.151287313100290283e-02
9.883774676305306928e-01,2.450303476578917988e-10,1.601584749839286124e-16,1.162253212443873501e-02,1.169060194002756459e-02
9.882087302551140207e-01,2.554460171261123718e-10,1.711686250214653290e-16,1.179126948943987931e-02,1.186133810727093944e-02
9.880456058688137366e-01,2.665517755571536248e-10,1.828293892248397018e-16,1.195439386463434221e-02,1.202642251335066595e-02
9.878934919016297833e-01,2.791227673305293423e-10,1.952545014083104510e-16,1.210650781924739634e-02,1.218038876429037090e-02
9.877596796746423990e-01,2.943153144233619401e-10,2.085136541213177578e-16,1.224032003104212098e-02,1.231585001742645756e-02
9.876488061100809901e-01,3.128632758559245730e-10,2.225638779396034419e-16,1.235119357705559417e-02,1.242810382768969567e-02
9.875621328806448718e-01,3.352097204229439273e-10,2.373447353968969865e-16,1.243786678414513652e-02,1.251586481339589559e-02
9.874953030211236493e-01,3.614023405628569032e-10,2.528702107497312021e-16,1.250469661747388717e-02,1.258353865247715218e-02
9.874389553486025983e-01,3.906235918180578470e-10,2.691479474593010093e-16,1.256104426077334427e-02,1.264060148613608756e-02
9.873852298525825910e-01,4.216686245319905450e-10,2.861309298139405560e-16,1.261476972574834647e-02,1.269501189536225219e-02
9.873328488395870517e-01,4.543466205917672597e-10,3.038565947800497955e-16,1.266715070606603231e-02,1.274806353202171359e-02
9.872850375765687136e-01,4.894934618756628917e-10,3.224202981058403107e-16,1.271496193393754741e-02,1.279648937011078000e-02
9.872417761358134314e-01,5.277490950394286635e-10,3.419436041619326953e-16,1.275822333643711337e-02,1.284030892268587729e-02
9.871967262142073984e-01,5.691353991523568448e-10,3.626816999251946358e-16,1.280327321665687690e-02,1.288594207009485619e-02
9.871461914021109063e-01,6.135808917729401500e-10,3.848219746083611770e-16,1.285380798430783844e-02,1.293713359478555237e-02
9.870921942205896915e-01,6.607434648174910387e-10,4.082999483311103802e-16,1.290780511866655711e-02,1.299183537946151795e-02
9.870356821753314414e-01,7.095245184142367802e-10,4.329403268809378849e-16,1.296431711514372392e-02,1.304908804880415205e-02
9.869758945575312081e-01,7.585980683896826595e-10,4.584875375578182101e-16,1.302410468387033525e-02,1.310966278759820476e-02
9.869129778822908206e-01,8.068127272745942440e-10,4.846100048702912487e-16,1.308702131089585843e-02,1.317341174139207045e-02
9.868464280825238744e-01,8.533322393741153815e-10,5.111936914711995125e-16,1.315357106414333406e-02,1.324084630265728521e-02
9.867733522061979956e-01,8.978213505736648753e-10,5.385037379858433500e-16,1.322664689598004872e-02,1.331489894145743320e-02
9.866897166622216053e-01,9.403475030214746702e-10,5.670108202794995008e-16,1.331028239743035912e-02,1.339965912303450052e-02
9.865928281490037310e-01,9.814328375429942282e-10,5.973063054632006954e-16,1.340717086956274597e-02,1.349785946798814570e-02
9.864836306356937756e-01,1.022382956009450450e-09,6.298576494785801708e-16,1.351636834192268370e-02,1.360854703200551144e-02
9.863666027881762277e-01,1.065510887656337806e-09,6.647387175524902764e-16,1.363339614631236575e-02,1.372718538140693667e-02
9.862456128417297352e-01,1.112316910205370364e-09,7.018525711863930469e-16,1.375438604595254251e-02,1.384985515465436343e-02
9.861219948187115447e-01,1.160829450287528645e-09,7.407920181376592304e-16,1.387800402045822473e-02,1.397520503639033962e-02
9.859945899918588497e-01,1.206774378825613046e-09,7.808300501656604943e-16,1.400540880136603300e-02,1.410441121822687306e-02
9.858589610640721146e-01,1.247599889929390456e-09,8.218945618436512562e-16,1.414103768832729140e-02,1.424197612808338238e-02
9.857113576321233639e-01,1.285092443301852785e-09,8.649669325139491234e-16,1.428864108278340636e-02,1.439170797464732303e-02
9.855482005932117984e-01,1.322572925519638599e-09,9.113832482878026853e-16,1.445179808421439768e-02,1.455724380031101287e-02
9.853606573651660927e-01,1.359741876077653672e-09,9.621022681994087923e-16,1.463934127509086691e-02,1.474755521715250157e-02
9.851417743979212771e-01,1.394758113904425365e-09,1.017588427648133210e-15,1.485822420731951199e-02,1.496971476856114036e-02
9.848966128699692124e-01,1.429254949283220834e-09,1.078082040050961386e-15,1.510338570077474074e-02,1.521860487222823945e-02
9.846385284754193279e-01,1.466041949606256690e-09,1.143289095702234759e-15,1.536147005853765249e-02,1.548068132936703152e-02
9.843767874835447351e-01,1.504537617859937762e-09,1.212292189673726955e-15,1.562321101191656465e-02,1.574654111348841937e-02
9.841056145173643355e-01,1.541866252132759701e-09,1.285224989397848563e-15,1.589438394076819056e-02,1.602205586294223189e-02
9.838078876209009893e-01,1.575824441721501999e-09,1.364185911702458008e-15,1.619211080327320057e-02,1.632463714856417433e-02
9.834704311930250187e-01,1.604551654740511412e-09,1.451448461733305523e-15,1.652956720242196309e-02,1.666770648243373273e-02
9.830952788774918183e-01,1.626718357865598855e-09,1.547204381380191608e-15,1.690471949578818342e-02,1.704923690184750179e-02
9.827022285818679537e-01,1.643975411349785639e-09,1.648645265480212117e-15,1.729776977415506400e-02,1.744912580125872192e-02
9.823149884278256083e-01,1.661051020207470714e-09,1.752579294646779938e-15,1.768500991112161025e-02,1.784325991438829098e-02
9.819448057137367680e-01,1.683329658570467243e-09,1.858871618394916425e-15,1.805519260293170919e-02,1.822017820144531883e-02
9.815912446537187197e-01,1.713552203609045902e-09,1.969119526191515650e-15,1.840875363272706164e-02,1.858030508964076191e-02
9.812479109246056153e-01,1.750046019445454626e-09,2.084352248304979333e-15,1.875208732534622280e-02,1.893013888181767010e-02
9.809061319352706532e-01,1.788816486545809474e-09,2.205131311461719184e-15,1.909386627591061480e-02,1.927851009562248086e-02
9.805577448221569625e-01,1.826115977892960439e-09,2.331994851698435445e-15,1.944225335172475311e-02,1.963374183953121160e-02
9.801957608674074507e-01,1.859704688915263577e-09,2.465666124866247842e-15,1.980423727288536592e-02,2.000297127893967131e-02
9.798145488908710510e-01,1.889481545893463970e-09,2.607236174302791754e-15,2.018544921964486941e-02,2.039196105051926597e-02
9.794106911031698059e-01,1.916996947369851192e-09,2.758551720128963290e-15,2.058930697983045108e-02,2.080422380130177856e-02
9.789866530385736842e-01,1.943423015184765457e-09,2.920910571527533556e-15,2.101334501800037127e-02,2.123726980444427814e-02
9.785481669008896377e-01,1.966947691054285907e-09,3.093181305456032271e-15,2.145183113215966622e-02,2.168526811390104544e-02
9.780935270246533531e-01,1.983529499235661871e-09,3.273487899731223111e-15,2.190647099181382979e-02,2.214998261510963545e-02
9.776144485438567067e-01,1.990188854565300559e-09,3.461258372524881125e-15,2.238554946595095602e-02,2.263991106696875907e-02
9.771070766515308481e-01,1.986312872237813178e-09,3.656894348832404758e-15,2.289292136215269682e-02,2.315903555317347026e-02
9.765743472764668587e-01,1.973296904875866211e-09,3.861595258667383919e-15,2.342565075023239282e-02,2.370439507980137694e-02
9.760218092754952002e-01,1.954674855443952022e-09,4.077529107967095170e-15,2.397818876982584294e-02,2.427034724954815759e-02
9.754561161036803263e-01,1.935443102526287184e-09,4.306123077772243477e-15,2.454388196087221169e-02,2.485010598553287139e-02
9.748813344161354477e-01,1.919475500618338483e-09,4.547673645379173225e-15,2.511866366438463352e-02,2.543952368248807855e-02
9.742928088280942145e-01,1.906646094100579123e-09,4.804083639231904964e-15,2.570718926525496911e-02,2.604339543808817034e-02
9.736835495757634185e-01,1.892995870672042873e-09,5.076886957362183340e-15,2.631644853123567968e-02,2.666892589647253120e-02
9.730564864171781236e-01,1.875029246924865140e-09,5.363486659586829091e-15,2.694351170778729043e-02,2.731314460947837156e-02
9.724185881806662879e-01,1.852754795985477541e-09,5.660849279268612153e-15,2.758140996657324970e-02,2.796892094678660873e-02
9.717703346009373133e-01,1.828456563465725560e-09,5.969565737825772799e-15,2.822966357060012130e-02,2.863578371527211036e-02
9.711133770913374930e-01,1.803025238941417493e-09,6.287803793567217421e-15,2.888662110563084903e-02,2.931205428224850293e-02
9.704555964167586035e-01,1.774015831861164935e-09,6.606209018733281765e-15,2.954440180921911324e-02,2.998963072554788195e-02
9.697982768711531643e-01,1.737421563841688675e-09,6.916019152366245153e-15,3.020172139141832912e-02,3.066719110030323089e-02
9.691324811836665720e-01,1.691120680061150544e-09,7.216263300313541086e-15,3.086751712520547503e-02,3.135395694884021700e-02
9.684598545188261021e-01,1.638624121699296182e-09,7.508310952240916137e-15,3.154014384254230641e-02,3.204824818798886199e-02
9.677984557586611913e-01,1.587360214906546182e-09,7.792686896849786316e-15,3.220154265397080079e-02,3.273142024450476084e-02
9.671575675082074719e-01,1.541839061026144922e-09,8.074990451894790064e-15,3.284243094994544060e-02,3.339385212014778226e-02
9.665250919759070802e-01,1.501170929643299562e-09,8.365542183522806138e-15,3.347490652291365554e-02,3.404801897814087319e-02
9.658939315456746000e-01,1.463504268498746348e-09,8.666720864301126418e-15,3.410606699081249193e-02,3.470125251082057521e-02
9.652883273238239692e-01,1.429840505409666340e-09,8.964282475039138684e-15,3.471167124632644485e-02,3.532843747891043634e-02
9.647429477071498560e-01,1.402222400945534321e-09,9.238743855247367863e-15,3.525705089061850761e-02,3.589358856039367301e-02
9.642696016777769774e-01,1.381796649407671568e-09,9.484307790204783644e-15,3.573039694041695025e-02,3.638435368167219214e-02
9.638501608689171718e-01,1.367770393316741556e-09,9.712483804995601812e-15,3.614983776330268211e-02,3.681943123611022134e-02
9.634533362810597801e-01,1.356096553455596472e-09,9.936360366641518113e-15,3.654666236283374281e-02,3.723122376806148326e-02
9.630542728118043350e-01,1.342518259370364320e-09,1.016060612351254277e-14,3.694572584566736123e-02,3.764551071204202265e-02
9.626340298689091135e-01,1.326651493054799492e-09,1.039055560299384208e-14,3.736596880442906443e-02,3.808197070297770354e-02
9.621792964886999311e-01,1.311073009793241522e-09,1.063743192932151279e-14,3.782070220021638979e-02,3.855446679643495522e-02
9.616947410856357958e-01,1.298591493730139932e-09,1.090680692258678218e-14,3.830525761576182575e-02,3.905819563090803803e-02
9.612095347397218159e-01,1.291306727508534758e-09,1.118750997710854970e-14,3.879046396896025650e-02,3.956285554800503118e-02
9.607624984129341517e-01,1.291208522450475161e-09,1.146229572613849676e-14,3.923750029584593263e-02,4.002804060495492727e-02
9.603717389543785510e-01,1.299278565930626375e-09,1.172459995549869938e-14,3.962825974633125276e-02,4.043484139622070817e-02
9.600188115498339281e-01,1.312985050797723786e-09,1.197870245210501846e-14,3.998118713716915934e-02,4.080239934783143341e-02
9.596730721665559516e-01,1.327520196718806787e-09,1.222990250469859808e-14,4.032692650591159639e-02,4.116260234701987070e-02
9.593290400751367519e-01,1.340564529004722936e-09,1.247698118618827937e-14,4.067095858428630001e-02,4.152115546471608909e-02
9.589939730536446438e-01,1.353478508130678464e-09,1.272181131954091499e-14,4.100602559286418286e-02,4.187048873404185245e-02
9.586560178673294574e-01,1.367596009008362773e-09,1.297790730177733674e-14,4.134398076506166919e-02,4.222295679798887535e-02
9.583008891848464605e-01,1.383227139478448632e-09,1.325635675740154395e-14,4.169910943191318387e-02,4.259346975551984993e-02
9.579255258722977340e-01,1.401236836637356745e-09,1.356103025526750051e-14,4.207447272645190028e-02,4.298524320608949900e-02
9.575127472623534697e-01,1.420626226265098632e-09,1.389831386562681085e-14,4.248725131700650803e-02,4.341624494822201447e-02
9.570481748734522842e-01,1.438319786591487667e-09,1.426313683464803379e-14,4.295182368821346547e-02,4.390154932547938454e-02
9.565667709249688899e-01,1.453581513591832630e-09,1.462232938498747408e-14,4.343322762143494997e-02,4.440468498471512870e-02
9.561257840345218639e-01,1.468467930029353826e-09,1.494350937334147106e-14,4.387421449699525910e-02,4.486580132786963104e-02
9.557432115373065695e-01,1.485936798608523135e-09,1.523392659912671997e-14,4.425678697674138851e-02,4.526600919065484896e-02
9.553840169334647525e-01,1.505786443525743097e-09,1.552920784874812838e-14,4.461598156073323662e-02,4.564190735454499992e-02
9.550018557043297163e-01,1.521953229716289476e-09,1.584502450497360041e-14,4.499814277370112886e-02,4.604199535739971622e-02
